[gd_scene load_steps=12 format=3 uid="uid://bjdpvekxnips2"]

[ext_resource type="Script" path="res://Scripts/Island.cs" id="1_cudqn"]
[ext_resource type="PackedScene" uid="uid://bimdgneeqmnim" path="res://Models/Island_M_Irregular_01.blend" id="1_pjj2p"]
[ext_resource type="PackedScene" uid="uid://dkym4k2c4tkyr" path="res://Objects/Tree_L_01.tscn" id="2_8rgoq"]
[ext_resource type="Material" uid="uid://b3r413ob56odg" path="res://Materials/ORB.tres" id="2_ruy75"]
[ext_resource type="PackedScene" uid="uid://bgnt6n1gao0ci" path="res://Objects/Tree_S_01.tscn" id="3_2dftu"]
[ext_resource type="PackedScene" uid="uid://b003qqiih8ceb" path="res://Objects/Tree_S_02.tscn" id="4_sfpu3"]
[ext_resource type="PackedScene" uid="uid://dychhd0w5efvh" path="res://Objects/Plant_VirginiaCreeper_01.tscn" id="5_btdec"]
[ext_resource type="PackedScene" uid="uid://b3dpkju8c6jqa" path="res://Objects/Stump01.tscn" id="7_2po68"]
[ext_resource type="PackedScene" uid="uid://dvneog3y33k3f" path="res://Objects/Log_Multi_01.tscn" id="8_cbsp5"]
[ext_resource type="PackedScene" uid="uid://fpftn4pq6mjc" path="res://Models/Island_S_01.blend" id="10_fiok5"]

[sub_resource type="SphereShape3D" id="SphereShape3D_k43iy"]
radius = 17.1388

[node name="HomeBase" type="Node3D" node_paths=PackedStringArray("connectionPointsNode", "boundsNode")]
transform = Transform3D(0.90266, 0, -0.430354, 0, 1, 0, 0.430354, 0, 0.90266, -25.0125, 0, -4.85963)
script = ExtResource("1_cudqn")
connectionPointsNode = NodePath("ConnectionPoints")
boundsNode = NodePath("Bounds")
playerSpawnPosNodePath = NodePath("PlayerSpawn")

[node name="ORB" type="CSGSphere3D" parent="."]
transform = Transform3D(1, 0, 0, 0, 1, 0, 0, 0, 1, -1.10645, 29.745, 6.3689)
radius = 2.309
radial_segments = 64
rings = 28
material = ExtResource("2_ruy75")

[node name="OmniLight3D" type="OmniLight3D" parent="ORB"]
light_color = Color(0.890196, 0.917647, 0.67451, 1)
light_energy = 3.22
shadow_enabled = true
shadow_opacity = 0.46
shadow_blur = 5.509
omni_range = 19.3292

[node name="ORB3" type="CSGSphere3D" parent="."]
transform = Transform3D(1, 0, 0, 0, 1, 0, 0, 0, 1, -2.45699, 35.5919, -4.26155)
radius = 2.309
radial_segments = 64
rings = 28
material = ExtResource("2_ruy75")

[node name="OmniLight3D" type="OmniLight3D" parent="ORB3"]
light_color = Color(0.890196, 0.917647, 0.67451, 1)
light_energy = 3.22
shadow_enabled = true
shadow_opacity = 0.46
shadow_blur = 5.509
omni_range = 19.3292

[node name="ORB2" type="CSGSphere3D" parent="."]
transform = Transform3D(1, 0, 0, 0, 1, 0, 0, 0, 1, -12.7967, 43.6416, 8.58906)
radius = 2.309
radial_segments = 64
rings = 28
material = ExtResource("2_ruy75")

[node name="OmniLight3D" type="OmniLight3D" parent="ORB2"]
light_color = Color(0.890196, 0.917647, 0.67451, 1)
light_energy = 3.22
shadow_enabled = true
shadow_opacity = 0.46
shadow_blur = 5.509
omni_range = 19.3292

[node name="PlayerSpawn" type="Node3D" parent="."]
transform = Transform3D(1, 0, 0, 0, 1, 0, 0, 0, 1, 2.89749, 1.29085, 0.631098)

[node name="Bounds" type="Node3D" parent="."]

[node name="CollisionShape3D" type="CollisionShape3D" parent="Bounds"]
transform = Transform3D(1, 0, 0, 0, 1, 0, 0, 0, 1, -0.982351, 4.72225, 0.468346)
shape = SubResource("SphereShape3D_k43iy")

[node name="ConnectionPoints" type="Node3D" parent="."]

[node name="ConnectionPoint_1" type="Node3D" parent="ConnectionPoints"]
transform = Transform3D(1, 0, 0, 0, 1, 0, 0, 0, 1, 27.8972, 8.85666, -23.6795)

[node name="ConnectionPoint_2" type="Node3D" parent="ConnectionPoints"]
transform = Transform3D(1, 0, 0, 0, 1, 0, 0, 0, 1, 21.6525, -1.00031, -28.2018)

[node name="ConnectionPoint_3" type="Node3D" parent="ConnectionPoints"]
transform = Transform3D(1, 0, 0, 0, 1, 0, 0, 0, 1, 35.7138, -1.00031, -12.6949)

[node name="Island_M_Irregular_01" parent="." instance=ExtResource("1_pjj2p")]

[node name="Tree_L_01_" parent="." instance=ExtResource("2_8rgoq")]
transform = Transform3D(0.90266, 0, 0.430354, 0, 1, 0, -0.430354, 0, 0.90266, -1.96241, -4.73017, 3.33873)

[node name="Tree_S_01_" parent="." instance=ExtResource("3_2dftu")]
transform = Transform3D(0.90266, 0, 0.430354, 0, 1, 0, -0.430354, 0, 0.90266, 6.42031, -0.327935, 3.26046)

[node name="Tree_S_02_" parent="." instance=ExtResource("4_sfpu3")]
transform = Transform3D(0.574844, 0, 0.274064, 0, 0.636834, 0, -0.274064, 0, 0.574844, 1.18686, -0.0269541, 4.68514)

[node name="Plant_VirginiaCreeper_01_" parent="." instance=ExtResource("5_btdec")]
transform = Transform3D(0.908916, -0.057418, 0.413007, 0.030661, 0.996996, 0.0711303, -0.41585, -0.0519883, 0.907946, 5.10485, -0.0882571, 3.21487)

[node name="Plant_VirginiaCreeper_01_2" parent="." instance=ExtResource("5_btdec")]
transform = Transform3D(-0.582866, 0.0343297, 0.811843, 0.0610203, 0.998135, 0.00160251, -0.810274, 0.0504729, -0.583874, 6.04087, -0.25537, -0.218279)

[node name="Plant_VirginiaCreeper_01_3" parent="." instance=ExtResource("5_btdec")]
transform = Transform3D(-0.588307, 0.082353, 0.804433, 0.127692, 0.991781, -0.00814767, -0.798492, 0.0979259, -0.593988, 3.81371, -0.150855, -1.64266)

[node name="Plant_VirginiaCreeper_01_4" parent="." instance=ExtResource("5_btdec")]
transform = Transform3D(-0.55268, -0.0105114, 0.833327, 0.0131117, 0.999687, 0.0213057, -0.833291, 0.0227016, -0.552369, 2.55754, -0.0373663, 3.56886)

[node name="Plant_VirginiaCreeper_01_5" parent="." instance=ExtResource("5_btdec")]
transform = Transform3D(-0.974036, 0.0599532, -0.218315, 0.032987, 0.991591, 0.125134, 0.223981, 0.114684, -0.967822, -1.28434, 0.112187, 4.62282)

[node name="Plant_VirginiaCreeper_01_10" parent="." instance=ExtResource("5_btdec")]
transform = Transform3D(-0.645032, 0.103521, -0.757112, 0.0640982, 0.994619, 0.0813859, 0.761463, 0.003967, -0.648196, -1.08283, 0.0946503, 6.12823)

[node name="Plant_VirginiaCreeper_01_11" parent="." instance=ExtResource("5_btdec")]
transform = Transform3D(0.900106, -0.0740819, -0.429328, 0.0928089, 0.995422, 0.0228145, 0.425673, -0.0603809, 0.90286, -3.41961, 0.127172, 5.05142)

[node name="Plant_VirginiaCreeper_01_7" parent="." instance=ExtResource("5_btdec")]
transform = Transform3D(-0.973476, 0.0599188, -0.218189, 0.032968, 0.991021, 0.125062, 0.223852, 0.114618, -0.967266, 0.696524, 0.0793518, 5.29028)

[node name="Plant_VirginiaCreeper_01_6" parent="." instance=ExtResource("5_btdec")]
transform = Transform3D(-0.55003, 0.108094, 0.82812, 0.0314118, 0.993564, -0.108826, -0.834554, -0.033845, -0.549886, -0.601702, 0.409744, -5.36572)

[node name="Plant_VirginiaCreeper_01_8" parent="." instance=ExtResource("5_btdec")]
transform = Transform3D(-0.960916, -0.0275893, -0.275465, -0.0204326, 0.999376, -0.0288174, 0.276088, -0.0220626, -0.960879, -5.09335, 0.813592, -4.85732)

[node name="Plant_VirginiaCreeper_01_12" parent="." instance=ExtResource("5_btdec")]
transform = Transform3D(-0.961269, 0.0211339, -0.274804, -0.00959945, 0.993884, 0.110013, 0.275448, 0.10839, -0.955186, -10.9579, 0.450382, -6.76475)

[node name="Plant_VirginiaCreeper_01_13" parent="." instance=ExtResource("5_btdec")]
transform = Transform3D(-0.950778, 0.106045, -0.291169, 0.0505094, 0.98009, 0.192021, 0.305734, 0.167862, -0.937203, -9.51732, 0.601971, -9.74327)

[node name="Plant_VirginiaCreeper_01_14" parent="." instance=ExtResource("5_btdec")]
transform = Transform3D(-0.964279, 0.0317316, -0.262987, -0.00907473, 0.98826, 0.152515, 0.264739, 0.149453, -0.952668, -18.2115, 0.531619, -6.97003)

[node name="Plant_VirginiaCreeper_01_15" parent="." instance=ExtResource("5_btdec")]
transform = Transform3D(-0.914848, 0.205632, -0.347521, 0.169872, 0.976752, 0.130768, 0.366331, 0.0605988, -0.928509, -12.3948, 2.65013, -1.03268)

[node name="Plant_VirginiaCreeper_01_16" parent="." instance=ExtResource("5_btdec")]
transform = Transform3D(0.716768, 0.0163789, -0.69712, 0.0565775, 0.995063, 0.0815511, 0.695015, -0.0978944, 0.712302, -12.1743, 2.54234, 0.971399)

[node name="Plant_VirginiaCreeper_01_17" parent="." instance=ExtResource("5_btdec")]
transform = Transform3D(-0.969186, 0.128056, -0.210435, 0.0393601, 0.923789, 0.380874, 0.24317, 0.360855, -0.900362, -1.29492, 0.900702, -15.1513)

[node name="Plant_VirginiaCreeper_01_18" parent="." instance=ExtResource("5_btdec")]
transform = Transform3D(0.597455, -0.0357251, -0.801106, -0.127138, 0.982152, -0.138616, 0.791761, 0.184668, 0.58225, -1.37466, 0.234462, -13.247)

[node name="Plant_VirginiaCreeper_01_19" parent="." instance=ExtResource("5_btdec")]
transform = Transform3D(0.310065, -0.150563, 0.938718, 0.0685748, 0.988351, 0.135874, -0.94824, 0.0222429, 0.316776, 6.84708, 2.50576, -9.01428)

[node name="Plant_VirginiaCreeper_01_20" parent="." instance=ExtResource("5_btdec")]
transform = Transform3D(-0.99091, 0.0928255, -0.09738, 0.0945476, 0.995434, -0.0132113, 0.0957076, -0.0222982, -0.99516, 5.16531, 2.33664, -10.1186)

[node name="Plant_VirginiaCreeper_01_21" parent="." instance=ExtResource("5_btdec")]
transform = Transform3D(0.232055, -0.1665, 0.958347, -0.102655, 0.975548, 0.194346, -0.967272, -0.143478, 0.209288, -10.8159, 5.30509, 7.91605)

[node name="Plant_VirginiaCreeper_01_22" parent="." instance=ExtResource("5_btdec")]
transform = Transform3D(-0.98168, 0.0723837, -0.176257, 0.106587, 0.975376, -0.193087, 0.15794, -0.208336, -0.965221, -12.577, 4.93304, 7.0015)

[node name="Plant_VirginiaCreeper_01_9" parent="." instance=ExtResource("5_btdec")]
transform = Transform3D(-0.903186, 0.172655, -0.392996, 0.153298, 0.984905, 0.0803875, 0.400943, 0.0123593, -0.916019, -2.27519, 0.813592, -3.80039)

[node name="Stump_01_" parent="." instance=ExtResource("7_2po68")]
transform = Transform3D(1.16734, 0.0728569, 0.625284, -0.0482767, 1.32383, -0.0641226, -0.62766, 0.0336781, 1.16785, 2.39434, -0.10355, -2.51745)

[node name="Log_Multi_01_" parent="." instance=ExtResource("8_cbsp5")]
transform = Transform3D(0.581087, 0, -0.813842, 0, 1, 0, 0.813842, 0, 0.581087, 6.51873, -0.23568, -5.80203)

[node name="Island_S_01" parent="." instance=ExtResource("10_fiok5")]
transform = Transform3D(1, 0, 0, 0, 1, 0, 0, 0, 1, 5.36374, 2.19918, -9.58029)

[node name="Island_S_02" parent="." instance=ExtResource("10_fiok5")]
transform = Transform3D(-0.903053, -0.0616332, 0.425084, 0.0460055, 0.97008, 0.238387, -0.427058, 0.234832, -0.873198, -0.677263, 0.504504, -14.4481)

[node name="Island_S_03" parent="." instance=ExtResource("10_fiok5")]
transform = Transform3D(-0.251512, 0, 0.967854, 0, 1, 0, -0.967854, 0, -0.251512, -10.5209, 0.356101, -8.0248)

[node name="Island_S_06" parent="." instance=ExtResource("10_fiok5")]
transform = Transform3D(-0.251512, 0, 0.967854, 0, 1, 0, -0.967854, 0, -0.251512, -18.093, 0.356101, -6.6819)

[node name="Island_S_04" parent="." instance=ExtResource("10_fiok5")]
transform = Transform3D(-0.981687, 0, -0.190501, 0, 1, 0, 0.190501, 0, -0.981687, -12.2852, 2.51521, -0.350308)

[node name="Island_S_05" parent="." instance=ExtResource("10_fiok5")]
transform = Transform3D(-0.975236, -0.146632, -0.165571, -0.0853568, 0.940163, -0.329859, 0.204032, -0.307558, -0.929397, -11.558, 4.80728, 6.76266)
